0.555 -0.01985 0.756389
0.564 -0.009355 0.756389
0.5795 -0.018420 0.760563
0.594652 -0.040065 0.763965
0.599504 -0.052841 0.763965
0.587917 -0.052911 0.755226
0.571413 -0.048288 0.755226
0.559128 -0.033670 0.755226
0.555 -0.01985 0.756389
0.5608 -0.036712 0.754424
0.5608 -0.015196 0.754424
0.568261 -0.045 0.757283
0.568261 -0.014038 0.757283
0.577334 -0.049233 0.758
0.577334 -0.018904 0.758
0.584288 -0.051963 0.759
0.584216 -0.024413 0.758
0.589722 -0.052532 0.760
0.589722 -0.032460 0.760
0.594247 -0.052710 0.763
0.594247 -0.038724 0.763